Iter      14    CHI-SQUARE =  89291.02865  DOF =  403182
   P0 = -9.809752679e-06  
   P1 = 324.2769901  
   P2 = 324.725154  
   P3 = 2.992124053  
   P4 = 3.628225478  
   P5 = -4673505.994  
   P6 = 0.001124672749  
wa =  [ -2.32946982e-10  -5.60914952e-08   9.33082377e-05   1.24069204e-04
  -1.73152477e-05   6.12894930e-04   7.48915074e-04] [0 6 3 1 2 4 5]
wa =  [ -1.87327424e-10  -4.24239599e-08   8.44911734e-05   1.10552576e-04
  -1.40754994e-05   5.23115714e-04   6.64659751e-04] [0 6 3 1 2 4 5]
